92
100
163
227
239
376
404
451
524
560
600
1199
1223
1334
1387
1411
1421
1437
1623
1665
1681
1715
1719
1725
1732
1746
1836
2031
2123
2275
2325
2328
2393
2399
2448
2464
2643
2658
2659
2685
2763
2814
2922
3068
3230
3648
3656
3660
3706
3764
3850
3915
3991
4097
4181
4268
4362
4460
4561
4604
4656
4904
4962
5178
5285
5399
5414
5487
5518
5563
5668
5672
5766
5931
5931
5985
5993
6021
6125
6219
6297
6378
6525
6624
6776
6825
6864
6892
6904
6919
7212
7293
7460
7933
8035
8094
8188
8188
8311
8335
8400
8565
8616
8662
8697
8738
8740
8777
8790
8912
9127
9133
9295
9373
9476
10203
10229
10270
10273
10333
10473
10565
10647
10801
10842
10843
10931
10988
11092
11107
11330
11585
11697
11845
12181
12233
12240
12241
12261
12290
12328
12351
12566
12568
12721
12879
13050
13096
13128
13376
13411
13689
13856
13864
13987
14209
14346
14354
14356
14367
14523
14523
14540
14691
14720
14783
14992
15007
15195
15239
15478
15529
15533
15660
15756
15770
15959
15960
15967
15976
16453
16490
16600
16686
16724
16759
16788
16876
16895
16922
17030
17101
17108
17190
17264
17366
17656
18296
18356
18488
18833
18892
18928
18946
19032
19231
19303
19330
19607
19939
20019
20043
20080
20175
20205
20363
20546
20612
20620
20624
20638
20665
20732
20824
20832
20849
20919
21179
21191
21226
21260
21260
21280
21407
21531
21633
21783
21890
21931
21963
21965
22094
22211
22371
22392
22417
22472
22497
22837
22845
22892
22896
22984
23057
23101
23139
23187
23415
23659
23763
24009
24055
24318
24417
24479
24496
24741
24888
24893
24898
25039
25152
25163
25209
25313
25432
25452
25537
25659
26147
26431
26458
26610
26655
26918
27100
27102
27130
27133
27343
27396
27491
27738
27816
27986
28078
28200
28209
28333
28458
28671
29157
29284
29353
29578
29604
29774
29900
29929
29940
29956
30281
30442
30465
30541
30696
30881
30948
31040
31055
31170
31402
31551
31648
31703
31765
31898
32117
32241
32290
32384
32391
32449
32516
32523
32992
33024
33061
33092
33130
33208
33312
33405
33452
33591
33611
33642
33675
33690
33722
34004
34187
34316
34326
34567
34710
34804
34816
34928
35038
35218
35324
35390
35538
35556
36085
36107
36612
36796
37015
37168
37190
37511
37592
37684
37770
37802
37901
37901
37952
38197
38215
38253
38451
38572
38723
38755
38865
39004
39065
39116
39118
39145
39158
39163
39295
39556
39673
39735
40017
40021
40088
40115
40265
40551
40583
40684
40747
40781
40855
40991
41011
41094
41124
41173
41245
41265
41364
41464
41646
41790
41822
41903
42071
42147
42166
42247
42257
42316
42345
42349
42484
42577
42661
42819
42879
42881
42961
43038
43142
43181
43196
43299
43524
43693
43775
43810
43894
43896
43913
43918
44172
44201
44237
44322
44373
44552
44794
44823
44844
44978
44992
45138
45331
45477
45486
45494
45500
45669
45691
45786
45834
46020
46144
46186
46502
46597
46636
46861
47350
47379
47504
47734
47753
48031
48101
48215
48265
48265
48411
48441
48682
48694
48797
48827
49031
49036
49050
49060
49106
49197
49237
49239
49373
49613
49923
49929
50028
50059
50270
50467
50525
50584
50589
50705
50836
50922
51055
51199
51205
51224
51243
51504
51692
51788
51828
51944
51954
51963
51967
52293
52592
52700
53082
53197
53402
53456
53584
53587
53599
53652
53662
53794
53810
53890
54015
54039
54183
54202
54493
54733
54922
55190
55234
55302
55357
55371
55494
55552
55757
55831
55874
55933
55991
56035
56054
56140
56458
56475
56497
56499
56543
56587
56672
56936
57239
57601
57646
57799
57928
57961
58032
58168
58288
58364
58387
58399
58448
58480
58540
58588
58688
59019
59128
59182
59437
59713
59853
59889
60033
60049
60204
60219
60292
60308
60329
60777
60780
60828
60843
60851
60923
60937
61006
61133
61331
61490
61623
61654
61709
61757
61851
62068
62188
62204
62211
62284
62401
62408
62810
63021
63060
63307
63420
63545
63612
64077
64145
64327
64547
64714
64785
64846
64937
64968
65092
65172
65409
65570
65775
65820
65834
65895
65922
65955
65995
66112
66327
67149
67158
67360
67412
67437
67672
67793
67861
67888
68032
68433
68463
68518
68546
68558
68668
68683
68697
68702
68868
69202
69211
69215
69286
69351
69571
69593
69646
69766
69819
69839
69857
69873
69898
69985
70110
70456
70719
70778
71393
71606
71653
71803
71919
72003
72263
72291
72340
72396
72402
72411
72603
72627
72665
72757
72884
72926
72963
73049
73095
73108
73211
73284
73295
73558
73604
73855
73960
73985
74087
74126
74240
74313
74383
74530
74671
74743
74889
74928
75003
75017
75026
75099
75531
75601
75627
75906
75959
75997
76014
76132
76334
76533
76958
76981
77109
77348
77405
77472
77556
77646
77648
77666
77685
77826
77903
77956
78034
78043
78054
78082
78137
78342
78383
78431
78451
78490
78505
78758
78812
78813
78855
78947
78988
79021
79197
79274
79291
79502
79599
79765
79794
79864
80104
80106
80198
80339
80392
80514
80858
81077
81165
81282
81313
81339
81377
81422
81678
81707
81769
81785
81928
82116
82138
82398
82520
82524
82555
82570
82639
82824
82943
82970
82991
83005
83024
83092
83190
83207
83216
83442
83685
83711
83790
84160
84229
84261
84497
84599
84679
84765
85070
85231
85239
85284
85384
85758
85759
85836
85978
86005
86055
86211
86307
86315
86410
86446
86627
86709
86974
86996
87039
87319
87423
87539
87581
87660
87718
87720
87823
87957
87986
88045
88070
88125
88152
88153
88360
88433
88554
88680
88801
88817
88846
88901
88963
88994
89046
89203
89328
89612
89661
89914
90103
90245
90361
90670
90774
91080
91121
91125
91187
91321
91328
91331
91424
91668
91742
91748
91776
92279
92307
92377
92428
92489
92529
92621
92699
92844
92926
93091
93137
93171
93180
93202
93224
93347
93461
93498
93550
93635
93793
93863
93986
94177
94438
94480
94627
94666
94912
94988
95091
95135
95413
95413
95486
95628
95655
95863
95863
95885
95919
95928
95946
96019
96178
96337
96359
96430
96507
96670
96879
97060
97186
97456
97459
97545
97566
97642
97708
97760
97767
97814
97825
97889
97906
97944
97993
98051
98098
98236
98247
98317
98319
98393
98407
98469
98534
98577
98611
98621
99025
99067
99084
99126
99280
99351
99496
99613
99904
99961
99983
